prep 61 s | gold recall within 300 candidates: 0.613
A-ish (hist only):  half1 0.1604  half2 0.1576
best on half1: 0.2155 {'w2': 0, 'a': 1, 'b': 0.5, 'c': 1.0, 'd': 1} | half2 check: 0.2095
full-8000 nDCG@20 with best weights: 0.2125
lam   head  nDCG@20  diversity  final(0.8n+0.2d)
0     0     0.2125   0.4345    0.2569
0.1   0     0.2304   0.5547    0.2953
0.1   3     0.2170   0.5540    0.2844
0.1   5     0.2151   0.5524    0.2826
0.1   10    0.2139   0.5445    0.2800
0.25  0     0.2421   0.6674    0.3272
0.25  3     0.2175   0.6639    0.3068
0.25  5     0.2145   0.6594    0.3034
0.25  10    0.2128   0.6404    0.2983
0.5   0     0.2491   0.7213    0.3435
0.5   3     0.2157   0.7159    0.3157
0.5   5     0.2125   0.7110    0.3122
0.5   10    0.2121   0.6898    0.3077
1.0   0     0.2490   0.7452    0.3483
1.0   3     0.2133   0.7404    0.3187
1.0   5     0.2102   0.7355    0.3153
1.0   10    0.2105   0.7156    0.3115
2.0   0     0.2285   0.7690    0.3366
2.0   3     0.2021   0.7658    0.3148
2.0   5     0.2026   0.7623    0.3145
2.0   10    0.2069   0.7463    0.3148
